0 747
1 737
2 413
3 732
4 13
5 349
6 509
7 297
8 321
9 10
11 342
12 726
14 809
15 948
16 476
17 258
18 676
19 789
20 810
21 699
22 680
23 194
24 624
25 609
26 599
27 566
28 936
29 361
30 358
31 783
32 246
33 501
34 475
35 606
36 947
37 325
38 517
39 104
40 95
41 928
42 794
43 898
44 139
45 429
46 469
47 389
48 421
49 159
50 692
51 135
52 762
53 355
54 775
55 280
56 377
57 483
58 180
59 805
60 407
61 134
62 914
63 868
64 301
65 975
66 907
67 551
68 236
69 759
70 351
71 763
72 984
73 547
74 881
75 740
76 191
77 536
78 885
79 131
80 635
81 838
82 260
83 218
84 204
85 295
86 525
87 398
88 396
89 481
90 949
91 199
92 292
93 749
94 378
96 909
97 894
98 637
99 912
100 467
101 514
102 516
103 895
105 960
106 405
107 613
108 790
109 313
110 564
111 130
112 577
113 940
114 730
115 797
116 435
117 713
118 578
119 844
120 871
121 579
122 142
123 785
124 648
125 745
126 402
127 865
128 338
129 574
132 923
133 820
136 933
137 504
138 183
140 958
141 764
143 953
144 963
145 682
146 529
147 522
148 291
149 654
150 391
151 869
152 365
153 312
154 340
155 753
156 499
157 638
158 233
160 587
161 842
162 572
163 781
164 288
165 741
166 582
167 444
168 304
169 523
170 607
171 831
172 237
173 359
174 827
175 406
176 255
177 298
178 595
179 598
181 385
182 443
184 521
185 463
186 629
187 856
188 267
189 526
190 965
192 552
193 558
195 715
196 758
197 610
198 943
200 685
201 500
202 887
203 568
205 281
206 266
207 456
208 816
209 562
210 231
211 428
212 657
213 290
214 860
215 274
216 473
217 890
219 754
220 929
221 722
222 426
223 973
224 388
225 452
226 756
227 253
228 761
229 427
230 627
232 493
234 644
235 678
238 823
239 631
240 931
241 651
242 772
243 712
244 688
245 563
247 273
248 855
249 906
250 438
251 632
252 519
254 941
256 262
257 282
259 673
261 393
263 346
264 962
265 477
268 641
269 546
270 967
271 806
272 539
275 515
276 743
277 550
278 863
279 327
283 910
284 545
285 878
286 310
287 835
289 480
293 319
294 701
296 774
299 983
300 981
302 565
303 955
305 394
306 669
307 978
308 942
309 498
311 555
314 618
315 414
316 470
317 465
318 786
320 447
322 633
323 667
324 824
326 650
328 902
329 437
330 655
331 645
332 357
333 748
334 926
335 773
336 925
337 937
339 379
341 464
343 451
344 802
345 364
347 968
348 735
350 468
352 882
353 484
354 982
356 687
360 619
362 690
363 584
366 814
367 807
368 818
369 457
370 846
371 431
372 886
373 711
374 403
375 742
376 974
380 716
381 796
382 944
383 779
384 434
386 439
387 537
390 900
392 736
395 837
397 751
399 581
400 556
401 833
404 540
408 601
409 834
410 478
411 798
412 932
415 602
416 945
417 889
418 705
419 897
420 723
422 612
423 588
424 527
425 665
430 930
432 543
433 817
436 971
440 813
441 597
442 605
445 533
446 784
448 658
449 888
450 695
453 746
454 485
455 544
458 663
459 617
460 471
461 873
462 961
466 571
472 608
474 766
479 938
482 939
486 778
487 497
488 662
489 879
490 532
491 768
492 920
494 854
495 891
496 640
502 659
503 573
505 583
506 561
507 765
508 899
510 866
511 661
512 700
513 903
518 921
520 719
524 570
528 530
531 979
534 853
535 752
538 876
541 980
542 851
548 750
549 725
553 697
554 780
557 880
559 592
560 832
567 634
569 586
575 935
576 858
580 603
585 952
589 681
590 850
591 867
593 877
594 950
596 691
600 908
604 788
611 675
614 621
615 826
616 801
620 915
622 843
623 883
625 892
626 861
628 957
630 721
636 852
639 977
642 791
643 969
646 839
647 872
649 884
652 717
653 904
656 830
660 857
664 934
666 870
668 739
670 718
671 918
672 706
674 847
677 874
679 954
683 708
684 696
686 689
693 905
694 734
698 911
702 970
703 862
704 799
707 800
709 776
710 760
714 733
720 828
724 893
727 829
728 848
729 787
731 755
738 812
744 896
757 919
767 849
769 859
770 795
771 793
777 819
782 811
792 808
803 985
804 964
815 922
821 972
822 864
825 875
836 966
840 917
841 901
845 959
913 924
916 946
927 976
951 956
